0.00 12.04 6.00 11.70 11.18 15.23 16.40 16.40 9.06 7.07 12.17 14.87 9.85 8.94 17.26 4.12 12.00 9.22 10.30 13.93 14.76 16.49 9.43 13.04 12.08 10.77 9.06 9.22 16.12 15.03 16.76 18.38 6.71 4.12 3.16 5.39 7.21 20.59 8.00 17.80 17.09 5.83 6.32 18.68 18.36 1.00 5.66 11.70 17.12 10.77 9.06 16.64 9.85 1.41 13.04 19.42 19.24 5.00 4.47 9.22 7.07 21.26 10.05 9.00 19.31 9.43 16.40 12.81 10.00 7.07 9.49 14.04 12.73 5.10 15.52 2.24 10.30 15.65 5.00 12.17 6.71 15.23 13.15 5.00 9.43 8.06 18.79 7.07 24.08 16.64 11.66 11.18 8.60 21.93 20.12 15.23 12.21 7.07 12.73 18.03 
12.04 0.00 6.08 23.54 18.44 5.39 26.08 26.57 21.10 8.06 3.00 16.55 21.59 5.00 23.43 13.93 24.02 17.20 12.21 4.12 25.71 18.79 7.21 17.80 4.12 19.42 3.00 16.12 4.12 19.42 7.21 18.68 6.32 11.40 15.13 10.77 6.71 19.10 4.12 15.03 6.40 7.28 18.03 20.25 8.94 11.05 16.28 20.00 22.80 13.60 21.00 8.25 17.89 13.15 21.47 12.65 18.25 8.25 11.18 19.70 19.10 15.52 22.09 14.42 19.65 20.40 11.05 7.28 21.19 5.00 21.10 2.00 23.26 11.70 5.83 10.20 5.00 24.21 8.94 3.00 18.44 23.43 25.02 8.94 20.88 19.65 18.44 8.06 19.42 8.25 20.12 15.62 19.92 16.49 28.32 16.16 21.95 19.10 23.26 21.95 
6.00 6.08 0.00 17.46 13.60 10.00 20.62 21.47 15.03 5.10 6.32 14.04 15.52 4.47 19.24 8.06 18.00 12.04 9.06 8.60 20.25 16.12 5.39 13.93 7.07 14.14 3.16 12.04 10.20 15.81 11.18 17.03 3.00 6.40 9.06 6.40 4.00 18.44 2.00 14.87 11.66 3.16 12.17 18.03 13.45 5.00 10.77 14.87 18.79 10.20 15.03 12.04 13.45 7.07 17.03 14.87 17.26 3.61 5.66 13.89 13.04 17.20 16.03 10.82 18.03 14.87 12.21 8.94 15.23 1.41 15.30 8.06 17.49 7.07 9.85 4.12 5.83 19.10 3.61 6.32 12.37 18.44 19.10 3.61 14.87 13.60 17.12 5.10 20.59 12.04 15.62 11.70 13.93 18.03 23.43 14.00 16.40 13.04 17.49 18.68 
11.70 23.54 17.46 0.00 11.40 26.93 9.06 14.14 3.61 18.36 23.09 18.87 2.00 20.62 15.26 10.00 4.12 10.30 16.76 25.63 11.18 19.21 19.03 15.00 23.77 9.22 20.62 15.81 27.66 16.28 27.02 22.20 18.38 14.42 8.54 15.81 18.79 25.24 19.42 24.17 28.79 17.46 7.81 21.26 29.97 12.65 10.63 9.90 15.81 16.16 5.39 28.18 14.76 10.44 15.52 27.89 23.85 16.55 13.00 5.83 5.00 28.79 3.16 17.03 22.80 9.49 24.74 24.19 3.61 18.68 7.28 25.50 5.39 15.00 26.00 13.34 21.93 10.77 15.03 23.09 5.10 11.18 6.32 15.03 3.16 4.00 23.02 18.36 30.41 28.18 14.87 14.76 4.12 29.15 14.14 19.72 7.21 5.00 5.39 18.44 
11.18 18.44 13.60 11.40 0.00 23.35 8.25 23.71 12.21 17.46 16.64 7.62 9.90 18.03 6.08 7.07 14.87 2.00 7.28 21.93 21.10 7.81 11.66 3.61 20.62 2.24 16.28 20.00 22.20 5.00 18.97 10.82 16.12 15.30 10.05 16.49 17.00 13.89 14.87 13.34 24.76 15.65 13.60 9.90 26.91 11.40 15.13 2.00 6.00 6.08 13.89 25.61 20.10 10.05 22.56 18.00 12.53 15.23 8.06 5.66 11.18 18.25 12.81 20.10 11.40 17.09 15.03 22.47 7.81 15.00 15.65 20.00 7.28 16.28 18.38 10.77 19.42 5.83 10.00 16.64 8.94 5.00 17.03 10.00 8.49 8.60 11.66 17.46 19.31 25.61 21.38 4.00 7.81 18.44 9.90 8.54 5.10 11.18 7.28 7.62 
15.23 5.39 10.00 26.93 23.35 0.00 30.61 27.29 24.04 9.06 8.25 21.93 25.08 6.32 28.60 18.03 26.68 21.93 17.49 1.41 27.02 24.17 12.53 23.02 3.16 24.08 7.07 16.28 4.47 24.70 11.18 24.04 8.54 13.15 18.38 12.04 8.25 24.33 8.49 20.22 2.00 9.49 20.40 25.63 3.61 14.32 18.11 24.76 28.02 18.87 23.54 3.00 18.25 16.55 21.59 17.12 23.54 10.44 15.62 23.85 22.14 20.10 25.00 14.32 25.00 22.02 16.03 4.47 25.06 8.60 23.19 5.00 27.46 13.04 10.05 13.89 5.10 29.00 13.45 8.25 21.93 28.28 27.29 13.45 24.60 23.26 23.77 9.06 24.08 3.00 20.40 20.81 23.71 21.10 33.24 21.54 26.40 22.14 27.46 27.29 
16.40 26.08 20.62 9.06 8.25 30.61 0.00 23.19 12.04 23.43 24.60 15.03 9.06 24.76 8.06 12.73 13.15 8.94 15.52 29.21 20.22 14.32 19.70 11.00 27.66 6.71 23.60 23.41 30.02 11.18 27.20 17.46 22.63 20.25 13.89 21.63 23.35 20.62 22.20 21.02 32.20 21.93 15.52 15.81 34.06 17.03 18.03 6.32 8.94 14.32 14.04 32.56 22.80 15.00 24.19 26.08 19.42 21.26 15.00 7.21 12.37 26.02 12.00 24.17 17.72 18.11 23.19 29.00 7.28 22.02 16.03 27.78 4.12 21.10 26.57 16.97 26.17 3.16 17.20 24.60 10.77 4.12 15.30 17.20 8.25 9.49 18.44 23.43 26.48 32.56 23.35 12.17 8.54 26.08 5.10 16.03 4.24 12.37 4.12 12.08 
16.40 26.57 21.47 14.14 23.71 27.29 23.19 0.00 11.70 18.68 27.73 30.00 14.56 21.84 28.79 18.44 10.05 21.95 26.17 26.48 3.00 31.06 25.81 26.93 24.52 21.93 23.77 11.05 30.08 28.65 32.65 33.60 20.25 15.23 14.87 15.81 19.92 36.24 23.26 33.94 29.27 19.31 10.63 33.29 29.02 17.20 10.82 22.85 29.15 26.25 9.85 27.02 9.06 16.28 6.08 35.81 34.83 18.38 20.52 18.38 12.53 37.64 11.40 13.04 34.41 7.07 32.80 23.09 16.76 21.93 8.06 28.46 19.42 14.87 31.30 18.60 22.56 24.74 21.40 27.73 14.76 25.00 8.00 21.40 15.81 15.23 34.21 18.68 40.31 27.02 7.00 25.81 16.16 38.29 28.28 30.61 20.88 12.53 19.42 31.30 
9.06 21.10 15.03 3.61 12.21 24.04 12.04 11.70 0.00 15.23 21.02 19.10 3.00 17.72 17.09 8.54 3.16 10.63 16.12 22.80 8.94 19.85 17.46 15.62 20.88 10.30 18.11 12.21 25.18 17.20 25.32 22.63 15.52 11.18 6.00 12.53 15.81 25.50 17.03 23.85 25.96 14.56 4.24 22.02 26.93 10.05 7.07 11.18 17.46 15.81 2.00 25.08 11.18 8.00 12.17 26.93 24.08 13.60 11.40 6.71 2.00 28.18 1.00 13.45 23.35 6.08 23.77 21.02 5.10 16.12 4.00 23.09 8.00 11.66 24.19 11.00 18.97 13.15 13.15 21.02 3.61 13.34 5.00 13.15 4.12 3.61 23.35 15.23 30.23 25.08 11.40 14.87 4.47 28.65 17.00 19.85 9.22 2.00 8.00 19.72 
7.07 8.06 5.10 18.36 17.46 9.06 23.43 18.68 15.23 0.00 9.90 19.00 16.64 3.16 23.41 10.82 17.72 15.65 14.00 8.00 18.11 21.02 10.44 18.44 6.00 17.49 5.66 8.06 11.40 20.40 14.87 22.09 2.24 4.12 10.00 3.00 1.41 23.54 5.83 19.92 11.05 2.00 11.40 23.00 11.70 6.40 9.06 18.36 23.09 15.03 14.56 9.85 9.85 8.49 13.42 19.42 22.36 2.24 9.49 16.28 13.42 21.95 16.16 6.40 23.09 13.00 17.00 5.83 17.03 4.47 14.14 9.85 19.80 4.00 13.45 6.71 4.00 22.47 8.06 9.90 13.60 21.95 18.25 8.06 16.40 15.00 22.20 0.00 25.50 9.85 12.08 16.28 15.62 22.83 26.93 19.03 19.21 13.42 19.80 23.35 
12.17 3.00 6.32 23.09 16.64 8.25 24.60 27.73 21.02 9.90 0.00 13.89 21.10 7.21 21.21 13.15 24.08 15.65 9.90 7.07 26.57 16.12 5.00 15.56 7.07 17.89 4.24 17.80 5.66 17.03 5.00 15.81 7.81 12.53 15.03 12.21 8.49 16.12 4.47 12.04 8.94 8.60 18.44 17.46 11.70 11.18 17.09 18.36 20.52 11.31 21.21 11.18 19.42 13.04 23.02 9.85 15.30 9.43 10.20 18.68 19.03 12.65 22.02 16.28 16.76 21.19 8.06 10.20 20.40 5.83 21.59 3.61 22.14 13.04 3.61 10.05 7.62 22.47 8.06 0.00 18.03 21.63 25.32 8.06 20.22 19.10 15.52 9.90 16.49 11.18 21.63 13.45 19.24 13.60 26.40 13.42 20.62 19.03 22.14 19.42 
14.87 16.55 14.04 18.87 7.62 21.93 15.03 30.00 19.10 19.00 13.89 0.00 17.20 18.25 8.54 11.66 22.02 8.60 5.00 20.62 27.66 2.24 9.49 4.12 19.92 9.85 15.52 24.04 19.42 4.12 14.21 3.61 17.03 18.44 15.26 19.24 18.03 6.40 14.32 6.00 22.83 17.00 19.42 4.00 25.50 14.56 20.12 9.49 7.62 4.12 20.52 24.70 24.70 14.32 27.73 11.40 5.00 17.03 10.44 13.04 17.69 11.00 19.85 23.54 4.47 23.02 8.94 22.56 15.26 15.13 22.02 17.49 14.87 19.42 14.14 13.34 19.42 12.00 11.05 13.89 15.56 11.00 24.08 11.05 15.81 15.62 4.24 19.00 11.70 24.70 26.40 4.24 15.00 11.05 14.56 1.00 12.65 17.69 14.87 5.66 
9.85 21.59 15.52 2.00 9.90 25.08 9.06 14.56 3.00 16.64 21.10 17.20 0.00 18.79 14.32 8.00 5.00 8.60 14.87 23.77 11.70 17.69 17.03 13.45 21.93 7.81 18.68 14.76 25.71 14.87 25.02 20.62 16.55 12.81 6.71 14.21 17.00 23.60 17.46 22.36 26.93 15.65 6.71 19.80 28.18 10.77 9.43 8.60 14.76 14.32 5.00 26.42 13.93 8.54 15.13 25.96 22.20 14.76 11.00 4.24 3.61 26.93 3.16 15.81 21.26 9.06 22.80 22.47 2.24 16.76 7.00 23.54 5.00 13.45 24.00 11.40 20.12 10.20 13.04 21.10 3.16 10.44 7.21 13.04 1.41 2.00 21.40 16.64 28.65 26.42 14.32 13.04 2.24 27.31 14.00 18.03 6.32 3.61 5.00 17.20 
8.94 5.00 4.47 20.62 18.03 6.32 24.76 21.84 17.72 3.16 7.21 18.25 18.79 0.00 23.71 12.04 20.40 16.40 13.34 5.10 21.21 20.40 9.00 18.38 3.16 18.44 3.16 11.18 8.25 20.25 12.04 21.02 2.24 7.00 12.08 6.08 2.00 22.09 4.00 18.25 8.25 3.16 14.14 22.20 9.43 8.06 12.00 19.21 23.26 14.56 17.26 7.81 13.00 10.30 16.55 17.00 21.02 4.12 10.00 17.80 15.81 19.70 18.68 9.43 22.02 16.03 14.87 4.47 18.87 3.16 17.03 6.71 21.40 7.07 10.63 7.81 1.41 23.43 8.06 7.21 15.65 22.80 21.10 8.06 18.36 17.00 21.00 3.16 23.41 7.81 15.23 16.16 17.49 20.62 27.80 18.11 20.52 15.81 21.40 23.09 
17.26 23.43 19.24 15.26 6.08 28.60 8.06 28.79 17.09 23.41 21.21 8.54 14.32 23.71 0.00 13.15 19.24 8.06 11.31 27.20 26.00 7.07 16.28 5.66 26.08 7.07 21.63 26.02 26.87 4.47 22.47 10.00 21.93 21.38 16.00 22.56 22.85 13.04 20.25 14.32 29.83 21.54 19.24 8.06 32.20 17.46 21.02 6.08 1.00 9.90 18.97 31.06 26.02 16.12 28.28 19.92 12.00 21.19 13.93 10.44 16.49 19.24 17.46 26.17 10.05 22.56 17.46 28.18 12.08 20.59 20.88 24.76 10.00 22.36 22.20 16.76 25.06 5.00 15.65 21.21 14.32 4.24 21.47 15.65 13.00 13.60 11.00 23.41 19.03 31.06 27.17 7.81 12.65 19.10 6.08 9.49 8.06 16.49 10.00 4.12 
4.12 13.93 8.06 10.00 7.07 18.03 12.73 18.44 8.54 10.82 13.15 11.66 8.00 12.04 13.15 0.00 11.70 5.10 7.81 16.64 16.28 13.00 9.06 9.22 15.00 6.71 11.18 13.04 18.03 11.18 17.03 15.26 9.90 8.25 3.61 9.49 10.63 17.80 9.85 15.62 19.72 9.22 7.81 15.23 21.40 4.47 8.54 7.62 13.04 7.81 9.43 19.85 13.34 3.00 16.16 18.38 16.40 8.60 3.00 5.83 6.71 19.72 9.49 13.04 16.12 11.40 15.23 16.28 7.28 9.43 10.63 15.81 9.43 9.22 16.00 4.24 13.45 11.66 5.10 13.15 5.10 11.18 13.42 5.10 7.07 6.00 15.81 10.82 22.02 19.85 14.87 7.62 6.08 20.25 16.12 12.21 8.49 6.71 9.43 14.14 
12.00 24.02 18.00 4.12 14.87 26.68 13.15 10.05 3.16 17.72 24.08 22.02 5.00 20.40 19.24 11.70 0.00 13.45 19.24 25.50 7.07 22.63 20.62 18.38 23.54 12.81 21.02 13.45 28.07 19.85 28.44 25.50 18.25 13.60 9.06 14.87 18.44 28.43 20.00 26.93 28.64 17.26 6.32 24.76 29.41 13.00 8.94 13.60 19.72 18.87 3.16 27.51 12.04 11.05 12.08 30.08 27.02 16.28 14.56 9.22 5.10 31.30 2.24 15.00 26.17 6.40 26.93 23.41 7.21 19.03 4.24 26.02 9.49 13.93 27.29 14.04 21.59 14.87 16.28 24.08 6.71 15.23 2.24 16.28 6.40 6.40 26.25 17.72 33.29 27.51 11.66 17.80 7.07 31.76 18.25 22.80 11.18 5.10 9.49 22.20 
9.22 17.20 12.04 10.30 2.00 21.93 8.94 21.95 10.63 15.65 15.65 8.60 8.60 16.40 8.06 5.10 13.45 0.00 7.00 20.52 19.42 9.22 10.77 5.00 19.10 2.24 14.87 18.00 21.10 6.71 18.44 12.04 14.42 13.34 8.06 14.56 15.26 15.00 13.45 13.93 23.43 13.89 11.70 11.40 25.46 9.49 13.15 2.83 8.00 6.08 12.21 24.08 18.11 8.06 20.62 18.11 13.60 13.42 6.40 4.47 9.43 18.68 11.31 18.11 12.73 15.23 15.03 20.81 6.71 13.45 13.89 18.87 7.00 14.32 17.72 8.94 17.80 7.07 8.49 15.65 7.21 6.40 15.56 8.49 7.21 7.07 12.81 15.65 20.12 24.08 19.42 4.47 6.40 18.97 11.40 9.43 5.10 9.43 7.00 9.49 
10.30 12.21 9.06 16.76 7.28 17.49 15.52 26.17 16.12 14.00 9.90 5.00 14.87 13.34 11.31 7.81 19.24 7.00 0.00 16.12 24.08 7.07 5.00 5.66 15.23 9.06 10.77 19.31 15.56 7.21 11.70 8.25 12.04 13.60 11.31 14.32 13.04 10.30 9.49 7.81 18.60 12.00 15.56 9.00 21.10 9.85 15.81 9.22 10.63 1.41 17.20 20.12 20.12 10.00 23.32 11.18 8.94 12.04 5.83 11.18 14.42 12.08 17.00 18.68 9.22 19.10 8.06 17.72 13.34 10.20 18.44 13.45 14.00 14.56 11.18 8.54 14.56 13.00 6.08 9.90 12.53 12.08 21.10 6.08 13.60 13.00 8.54 14.00 14.21 20.12 21.95 3.61 12.65 12.53 16.64 5.10 12.04 14.42 14.00 9.85 
13.93 4.12 8.60 25.63 21.93 1.41 29.21 26.48 22.80 8.00 7.07 20.62 23.77 5.10 27.20 16.64 25.50 20.52 16.12 0.00 26.08 22.85 11.18 21.63 2.00 22.67 5.66 15.52 4.24 23.32 10.44 22.80 7.28 12.04 17.09 11.00 7.07 23.19 7.07 19.10 3.16 8.25 19.24 24.35 5.00 13.00 17.03 23.35 26.63 17.49 22.36 4.12 17.46 15.23 20.88 16.28 22.36 9.22 14.21 22.47 20.88 19.24 23.77 13.60 23.77 21.00 15.00 4.24 23.71 7.21 22.09 4.12 26.08 12.00 9.22 12.53 4.00 27.59 12.04 7.07 20.62 26.87 26.17 12.04 23.26 21.93 22.56 8.00 23.19 4.12 19.65 19.42 22.36 20.22 31.83 20.25 25.00 20.88 26.08 25.94 
14.76 25.71 20.25 11.18 21.10 27.02 20.22 3.00 8.94 18.11 26.57 27.66 11.70 21.21 26.00 16.28 7.07 19.42 24.08 26.08 0.00 28.60 24.19 24.41 24.08 19.24 22.80 11.18 29.43 26.08 31.38 31.24 19.42 14.32 12.81 15.13 19.24 33.97 22.14 31.89 29.02 18.44 8.60 30.81 29.07 15.65 9.49 20.12 26.40 24.04 7.21 27.07 9.22 14.42 7.21 34.13 32.56 17.46 18.60 15.65 10.00 35.81 8.54 13.15 32.02 5.39 31.06 23.02 13.93 20.88 5.66 27.66 16.49 14.14 30.08 17.00 22.09 21.84 19.72 26.57 12.21 22.14 5.00 19.72 13.00 12.53 31.89 18.11 38.29 27.07 7.62 23.43 13.42 36.40 25.32 28.32 18.03 10.00 16.49 28.65 
16.49 18.79 16.12 19.21 7.81 24.17 14.32 31.06 19.85 21.02 16.12 2.24 17.69 20.40 7.07 13.00 22.63 9.22 7.07 22.85 28.60 0.00 11.70 4.24 22.14 10.00 17.72 25.71 21.63 3.16 16.28 3.16 19.10 20.22 16.55 21.10 20.10 6.32 16.49 7.28 25.06 19.03 20.59 2.24 27.73 16.28 21.54 9.43 6.08 6.00 21.40 26.93 26.25 15.81 29.15 13.00 5.10 19.00 12.17 13.45 18.60 12.17 20.52 25.32 3.61 24.19 10.82 24.74 15.62 17.26 23.02 19.72 14.76 21.21 16.28 15.13 21.59 11.18 13.00 16.12 16.40 10.20 24.76 13.00 16.28 16.28 4.12 21.02 12.17 26.93 27.86 5.39 15.56 12.04 13.15 2.83 12.53 18.60 14.76 3.61 
9.43 7.21 5.39 19.03 11.66 12.53 19.70 25.81 17.46 10.44 5.00 9.49 17.03 9.00 16.28 9.06 20.62 10.77 5.00 11.18 24.19 11.70 0.00 10.63 10.44 13.00 6.08 17.20 10.63 12.21 8.00 12.04 8.25 11.40 11.70 11.66 9.22 13.15 5.00 9.49 13.60 8.54 15.65 13.34 16.12 8.60 15.00 13.42 15.62 6.40 18.03 15.23 18.44 9.85 21.93 10.00 12.04 8.94 6.08 14.14 15.52 12.04 18.44 16.12 13.04 18.87 7.07 13.15 16.03 6.08 18.79 8.49 17.46 12.21 7.07 7.21 10.05 17.49 4.47 5.00 14.14 16.64 22.14 4.47 16.00 15.03 12.00 10.44 15.26 15.23 20.52 8.49 15.00 12.81 21.40 9.22 15.81 15.52 17.46 14.76 
13.04 17.80 13.93 15.00 3.61 23.02 11.00 26.93 15.62 18.44 15.56 4.12 13.45 18.38 5.66 9.22 18.38 5.00 5.66 21.63 24.41 4.24 10.63 0.00 20.59 5.83 16.12 22.20 21.21 2.00 17.00 7.21 16.76 17.00 12.65 18.03 17.72 10.30 14.76 10.05 24.21 16.49 16.55 6.40 26.63 13.00 17.72 5.39 5.00 4.24 17.20 25.55 22.56 12.17 25.30 15.13 8.94 16.28 9.06 9.22 14.42 15.03 16.28 22.02 7.81 20.12 12.37 22.85 11.40 15.23 18.87 19.10 10.77 18.00 16.64 12.04 19.70 8.06 10.44 15.56 12.21 7.07 20.52 10.44 12.04 12.04 8.06 18.44 15.81 25.55 24.04 2.24 11.31 15.13 11.18 5.10 8.54 14.42 10.77 5.00 
12.08 4.12 7.07 23.77 20.62 3.16 27.66 24.52 20.88 6.00 7.07 19.92 21.93 3.16 26.08 15.00 23.54 19.10 15.23 2.00 24.08 22.14 10.44 20.59 0.00 21.21 4.47 13.60 5.83 22.36 11.18 22.36 5.39 10.05 15.23 9.00 5.10 23.02 5.83 19.00 5.10 6.32 17.26 23.77 6.40 11.18 15.03 21.93 25.55 16.55 20.40 5.00 15.52 13.42 18.97 16.76 22.09 7.28 12.73 20.81 18.97 19.65 21.84 11.70 23.35 19.00 15.13 3.16 21.95 5.66 20.10 5.00 24.41 10.00 9.85 10.82 2.00 26.17 10.63 7.07 18.79 25.50 24.19 10.63 21.47 20.12 22.20 6.00 23.54 5.00 17.72 18.36 20.59 20.62 30.48 19.65 23.43 18.97 24.41 25.08 
10.77 19.42 14.14 9.22 2.24 24.08 6.71 21.93 10.30 17.49 17.89 9.85 7.81 18.44 7.07 6.71 12.81 2.24 9.06 22.67 19.24 10.00 13.00 5.83 21.21 0.00 17.03 19.10 23.32 7.07 20.62 13.04 16.40 14.87 9.06 16.16 17.20 16.12 15.62 15.52 25.61 15.81 12.17 12.04 27.59 11.18 14.00 1.00 7.28 8.00 12.08 26.17 19.00 9.49 21.21 20.02 14.76 15.26 8.49 3.61 9.49 20.40 10.82 19.42 13.60 15.52 17.00 22.80 5.66 15.56 13.93 21.10 5.10 15.81 19.92 10.82 19.85 5.00 10.63 17.89 7.28 4.47 15.00 10.63 6.40 6.71 13.89 17.49 21.54 26.17 20.10 6.08 5.83 20.62 9.43 10.77 3.00 9.49 5.10 9.43 
9.06 3.00 3.16 20.62 16.28 7.07 23.60 23.77 18.11 5.66 4.24 15.52 18.68 3.16 21.63 11.18 21.02 14.87 10.77 5.66 22.80 17.72 6.08 16.12 4.47 17.03 0.00 13.60 7.07 17.89 9.22 18.11 3.61 8.54 12.17 8.06 4.24 19.03 1.41 15.13 8.60 4.47 15.03 19.42 10.63 8.06 13.34 17.69 21.10 12.08 18.00 9.43 15.26 10.20 18.87 13.89 18.00 5.39 8.60 17.00 16.12 16.55 19.10 12.04 19.10 17.46 11.70 7.07 18.38 2.00 18.11 5.00 20.59 8.94 7.81 7.28 4.00 21.93 6.40 4.24 15.52 21.21 22.02 6.40 18.03 16.76 18.03 5.66 20.25 9.43 17.49 13.89 17.09 17.46 26.17 15.30 19.42 16.12 20.59 20.62 
9.22 16.12 12.04 15.81 20.00 16.28 23.41 11.05 12.21 8.06 17.80 24.04 14.76 11.18 26.02 13.04 13.45 18.00 19.31 15.52 11.18 25.71 17.20 22.20 13.60 19.10 13.60 0.00 19.31 24.19 22.80 27.51 10.00 5.83 10.05 5.66 9.43 29.55 13.45 26.42 18.25 9.22 8.06 27.89 18.00 9.49 5.39 20.10 26.00 19.92 10.63 16.00 2.00 10.05 5.39 26.91 28.23 8.49 13.60 16.49 11.18 29.21 12.81 2.00 28.46 7.21 24.21 12.04 16.16 12.04 9.22 17.89 19.31 5.00 21.40 10.77 11.70 23.54 13.42 17.80 12.65 23.35 13.04 13.42 15.23 13.93 27.86 8.06 32.45 16.00 4.12 20.40 14.87 30.00 27.89 24.35 19.65 11.18 19.31 27.17 
16.12 4.12 10.20 27.66 22.20 4.47 30.02 30.08 25.18 11.40 5.66 19.42 25.71 8.25 26.87 18.03 28.07 21.10 15.56 4.24 29.43 21.63 10.63 21.21 5.83 23.32 7.07 19.31 0.00 22.67 7.00 21.02 10.05 15.13 19.24 14.32 10.20 20.88 8.25 16.76 4.00 11.05 22.00 22.83 7.00 15.13 20.10 23.85 26.17 16.97 25.02 7.28 21.19 17.26 24.70 13.00 20.25 12.04 15.23 23.77 23.19 16.00 26.17 17.46 21.93 24.19 12.37 8.49 25.30 9.06 25.02 2.24 27.31 15.30 6.08 14.32 7.62 28.02 13.00 5.66 22.56 27.20 29.00 13.00 25.00 23.77 20.62 11.40 20.00 7.28 23.41 19.10 24.04 17.00 32.02 18.87 25.94 23.19 27.31 25.00 
15.03 19.42 15.81 16.28 5.00 24.70 11.18 28.65 17.20 20.40 17.03 4.12 14.87 20.25 4.47 11.18 19.85 6.71 7.21 23.32 26.08 3.16 12.21 2.00 22.36 7.07 17.89 24.19 22.67 0.00 18.03 6.32 18.68 19.00 14.56 20.02 19.65 9.49 16.55 10.05 25.81 18.44 18.38 5.00 28.30 15.00 19.65 6.40 3.61 5.83 18.87 27.29 24.52 14.14 27.20 15.52 8.25 18.25 11.05 10.63 16.12 15.03 17.80 24.02 6.71 21.93 13.00 24.70 12.73 17.09 20.59 20.62 11.66 20.00 17.80 14.04 21.54 8.06 12.37 17.03 13.89 7.07 22.02 12.37 13.45 13.60 7.28 20.40 15.30 27.29 25.96 4.12 12.81 15.00 10.44 5.10 9.43 16.12 11.66 3.00 
16.76 7.21 11.18 27.02 18.97 11.18 27.20 32.65 25.32 14.87 5.00 14.21 25.02 12.04 22.47 17.03 28.44 18.44 11.70 10.44 31.38 16.28 8.00 17.00 11.18 20.62 9.22 22.80 7.00 18.03 0.00 15.00 12.81 17.49 19.42 17.20 13.45 14.32 9.43 10.30 11.00 13.60 23.09 17.03 14.00 15.81 21.93 20.88 21.63 13.00 25.71 14.14 24.41 17.46 28.02 6.00 13.89 14.42 14.04 22.09 23.35 9.00 26.31 21.26 15.81 26.00 5.83 14.32 24.02 10.82 26.25 6.32 25.32 18.03 1.41 14.56 12.21 24.70 12.17 5.00 22.09 23.77 29.83 12.17 24.00 23.02 14.42 14.87 13.00 14.14 26.63 15.23 23.00 10.00 28.18 13.45 23.54 23.35 25.32 19.85 
18.38 18.68 17.03 22.20 10.82 24.04 17.46 33.60 22.63 22.09 15.81 3.61 20.62 21.02 10.00 15.26 25.50 12.04 8.25 22.80 31.24 3.16 12.04 7.21 22.36 13.04 18.11 27.51 21.02 6.32 15.00 0.00 20.02 21.84 18.87 22.56 21.02 3.16 17.03 5.00 24.70 20.10 23.02 2.24 27.51 18.03 23.71 12.53 9.00 7.62 24.08 26.93 28.23 17.89 31.30 10.82 2.00 20.22 13.93 16.40 21.26 9.49 23.35 26.93 1.00 26.63 9.22 25.18 18.60 18.00 25.61 19.31 17.89 22.80 15.26 16.76 22.09 14.32 14.32 15.81 19.10 13.34 27.59 14.32 19.21 19.10 1.00 22.09 9.06 26.93 29.97 7.81 18.44 9.22 16.03 3.16 15.65 21.26 17.89 6.08 
6.71 6.32 3.00 18.38 16.12 8.54 22.63 20.25 15.52 2.24 7.81 17.03 16.55 2.24 21.93 9.90 18.25 14.42 12.04 7.28 19.42 19.10 8.25 16.76 5.39 16.40 3.61 10.00 10.05 18.68 12.81 20.02 0.00 5.10 9.85 4.47 1.00 21.38 3.61 17.72 10.44 1.00 12.04 21.02 11.66 5.83 10.05 17.20 21.54 13.15 15.13 10.00 11.66 8.06 15.26 17.20 20.22 2.00 8.06 15.62 13.60 19.72 16.49 8.49 21.02 14.14 14.76 6.40 16.64 2.24 15.00 8.25 19.21 5.39 11.40 5.66 3.61 21.40 6.32 7.81 13.42 20.81 19.03 6.32 16.12 14.76 20.10 2.24 23.26 10.00 13.89 14.56 15.26 20.59 25.81 17.00 18.38 13.60 19.21 21.59 
4.12 11.40 6.40 14.42 15.30 13.15 20.25 15.23 11.18 4.12 12.53 18.44 12.81 7.00 21.38 8.25 13.60 13.34 13.60 12.04 14.32 20.22 11.40 17.00 10.05 14.87 8.54 5.83 15.13 19.00 17.49 21.84 5.10 0.00 6.40 1.41 5.00 23.77 8.06 20.59 15.13 4.12 7.28 22.36 15.81 4.00 5.00 15.81 21.21 14.32 10.44 13.93 7.07 5.39 10.63 21.21 22.47 3.16 8.06 13.04 9.43 23.43 12.08 5.10 22.80 9.06 18.44 9.85 13.45 6.71 10.05 13.34 16.40 1.00 16.12 5.10 8.06 19.70 7.62 12.53 9.90 19.31 14.14 7.62 12.73 11.31 22.14 4.12 26.63 13.93 9.22 15.03 12.04 24.21 24.17 18.68 16.12 9.43 16.40 22.00 
3.16 15.13 9.06 8.54 10.05 18.38 13.89 14.87 6.00 10.00 15.03 15.26 6.71 12.08 16.00 3.61 9.06 8.06 11.31 17.09 12.81 16.55 11.70 12.65 15.23 9.06 12.17 10.05 19.24 14.56 19.42 18.87 9.85 6.40 0.00 7.81 10.30 21.40 11.05 19.10 20.25 8.94 4.24 18.79 21.47 4.12 5.10 10.05 16.03 11.40 6.32 19.72 10.05 2.00 12.65 21.47 20.00 8.06 5.83 6.71 4.00 23.02 7.00 10.44 19.72 7.81 18.36 15.81 7.07 10.20 7.21 17.12 10.00 7.21 18.25 5.00 13.42 13.60 7.28 15.03 3.61 13.34 10.44 7.28 6.40 5.00 19.42 10.00 25.50 19.72 11.40 11.18 5.66 23.60 18.03 15.81 9.85 4.00 10.00 17.46 
5.39 10.77 6.40 15.81 16.49 12.04 21.63 15.81 12.53 3.00 12.21 19.24 14.21 6.08 22.56 9.49 14.87 14.56 14.32 11.00 15.13 21.10 11.66 18.03 9.00 16.16 8.06 5.66 14.32 20.02 17.20 22.56 4.47 1.41 7.81 0.00 4.12 24.35 7.81 21.02 14.04 3.61 8.54 23.19 14.56 5.10 6.08 17.09 22.36 15.13 11.70 12.65 7.21 6.71 10.82 21.26 23.09 2.83 9.00 14.42 10.82 23.60 13.42 4.47 23.54 10.00 18.60 8.54 14.87 6.40 11.18 12.65 17.80 1.00 15.81 6.00 7.00 21.02 8.25 12.21 11.31 20.62 15.30 8.25 14.14 12.73 22.80 3.00 26.93 12.65 9.43 16.00 13.45 24.41 25.50 19.42 17.49 10.82 17.80 23.02 
7.21 6.71 4.00 18.79 17.00 8.25 23.35 19.92 15.81 1.41 8.49 18.03 17.00 2.00 22.85 10.63 18.44 15.26 13.04 7.07 19.24 20.10 9.22 17.72 5.10 17.20 4.24 9.43 10.20 19.65 13.45 21.02 1.00 5.00 10.30 4.12 0.00 22.36 4.47 18.68 10.20 1.41 12.17 22.02 11.18 6.40 10.00 18.03 22.47 14.14 15.30 9.43 11.18 8.60 14.76 18.03 21.21 2.24 8.94 16.28 13.93 20.59 16.76 7.81 22.02 14.04 15.65 5.66 17.20 3.16 15.03 8.54 19.85 5.10 12.04 6.40 3.16 22.20 7.28 8.49 13.89 21.63 19.10 7.28 16.64 15.26 21.10 1.41 24.17 9.43 13.42 15.52 15.81 21.47 26.63 18.00 19.10 13.93 19.85 22.56 
20.59 19.10 18.44 25.24 13.89 24.33 20.62 36.24 25.50 23.54 16.12 6.40 23.60 22.09 13.04 17.80 28.43 15.00 10.30 23.19 33.97 6.32 13.15 10.30 23.02 16.12 19.03 29.55 20.88 9.49 14.32 3.16 21.38 23.77 21.40 24.35 22.36 0.00 18.11 4.12 24.74 21.59 25.61 5.00 27.66 20.12 26.08 15.65 12.04 10.00 26.87 27.29 30.41 20.25 33.62 9.22 1.41 21.84 16.12 19.42 24.04 7.21 26.25 28.79 3.00 29.21 8.54 26.00 21.63 19.24 28.32 19.42 21.02 24.70 14.87 18.79 23.02 17.46 16.16 16.12 21.93 16.49 30.48 16.16 22.20 22.02 2.24 23.54 6.00 27.29 32.25 10.63 21.40 6.71 19.00 5.66 18.79 24.04 21.02 9.00 
8.00 4.12 2.00 19.42 14.87 8.49 22.20 23.26 17.03 5.83 4.47 14.32 17.46 4.00 20.25 9.85 20.00 13.45 9.49 7.07 22.14 16.49 5.00 14.76 5.83 15.62 1.41 13.45 8.25 16.55 9.43 17.03 3.61 8.06 11.05 7.81 4.47 18.11 0.00 14.32 10.00 4.24 14.14 18.25 12.04 7.00 12.65 16.28 19.72 10.77 17.03 10.82 15.00 9.06 18.60 13.60 17.03 5.00 7.21 15.65 15.03 16.12 18.03 12.04 18.03 16.76 11.18 8.25 17.09 1.41 17.26 6.08 19.24 8.60 8.06 6.08 5.10 20.52 5.00 4.47 14.32 19.80 21.10 5.00 16.76 15.52 17.00 5.83 19.70 10.82 17.20 12.53 15.81 17.00 24.76 14.14 18.03 15.03 19.24 19.31 
17.80 15.03 14.87 24.17 13.34 20.22 21.02 33.94 23.85 19.92 12.04 6.00 22.36 18.25 14.32 15.62 26.93 13.93 7.81 19.10 31.89 7.28 9.49 10.05 19.00 15.52 15.13 26.42 16.76 10.05 10.30 5.00 17.72 20.59 19.10 21.02 18.68 4.12 14.32 0.00 20.62 18.03 23.35 7.21 23.54 17.20 23.43 15.30 13.34 8.06 25.00 23.19 27.46 17.69 30.81 5.83 3.61 18.38 13.45 18.38 22.20 5.00 24.70 25.50 5.66 26.87 4.47 22.02 20.62 15.52 26.25 15.30 20.62 21.47 10.77 15.81 19.10 18.00 13.04 12.04 20.25 17.00 28.84 13.04 21.02 20.59 4.24 19.92 6.40 23.19 29.41 9.49 20.12 5.10 20.40 5.00 18.44 22.20 20.62 10.77 
17.09 6.40 11.66 28.79 24.76 2.00 32.20 29.27 25.96 11.05 8.94 22.83 26.93 8.25 29.83 19.72 28.64 23.43 18.60 3.16 29.02 25.06 13.60 24.21 5.10 25.61 8.60 18.25 4.00 25.81 11.00 24.70 10.44 15.13 20.25 14.04 10.20 24.74 10.00 20.62 0.00 11.40 22.36 26.40 3.00 16.16 20.10 26.25 29.21 20.00 25.50 3.61 20.22 18.38 23.54 17.00 24.04 12.37 17.20 25.55 24.04 20.00 26.93 16.28 25.63 24.02 16.28 6.32 26.83 10.30 25.18 5.39 29.15 15.03 10.05 15.65 7.07 30.48 15.00 8.94 23.77 29.73 29.27 15.00 26.40 25.08 24.35 11.05 24.00 3.61 22.36 22.02 25.50 21.00 34.66 22.36 28.02 24.04 29.15 28.30 
5.83 7.28 3.16 17.46 15.65 9.49 21.93 19.31 14.56 2.00 8.60 17.00 15.65 3.16 21.54 9.22 17.26 13.89 12.00 8.25 18.44 19.03 8.54 16.49 6.32 15.81 4.47 9.22 11.05 18.44 13.60 20.10 1.00 4.12 8.94 3.61 1.41 21.59 4.24 18.03 11.40 0.00 11.05 21.00 12.53 5.00 9.06 16.64 21.19 13.04 14.14 10.82 10.82 7.21 14.42 17.80 20.40 1.00 7.62 14.87 12.65 20.25 15.52 7.81 21.10 13.15 15.26 7.07 15.81 2.83 14.00 9.22 18.44 4.47 12.21 5.00 4.47 20.81 6.08 8.60 12.53 20.25 18.03 6.08 15.26 13.89 20.22 2.00 23.71 10.82 13.04 14.32 14.42 21.10 25.24 17.03 17.69 12.65 18.44 21.38 
6.32 18.03 12.17 7.81 13.60 20.40 15.52 10.63 4.24 11.40 18.44 19.42 6.71 14.14 19.24 7.81 6.32 11.70 15.56 19.24 8.60 20.59 15.65 16.55 17.26 12.17 15.03 8.06 22.00 18.38 23.09 23.02 12.04 7.28 4.24 8.54 12.17 25.61 14.14 23.35 22.36 11.05 0.00 22.83 23.09 7.28 2.83 13.15 19.42 15.62 3.16 21.19 7.28 5.83 9.06 25.55 24.21 10.05 10.00 9.00 3.16 27.20 5.00 9.22 23.85 3.61 22.47 17.09 8.25 13.04 3.16 20.02 11.40 7.62 21.84 8.54 15.30 16.03 11.18 18.44 5.00 16.00 7.00 11.18 7.28 6.08 23.60 11.40 29.73 21.19 8.00 15.26 7.07 27.80 20.22 20.00 12.04 3.16 11.40 21.19 
18.68 20.25 18.03 21.26 9.90 25.63 15.81 33.29 22.02 23.00 17.46 4.00 19.80 22.20 8.06 15.23 24.76 11.40 9.00 24.35 30.81 2.24 13.34 6.40 23.77 12.04 19.42 27.89 22.83 5.00 17.03 2.24 21.02 22.36 18.79 23.19 22.02 5.00 18.25 7.21 26.40 21.00 22.83 0.00 29.15 18.44 23.77 11.40 7.07 8.06 23.60 28.46 28.46 18.03 31.38 13.04 4.12 21.02 14.32 15.56 20.81 11.70 22.67 27.46 2.00 26.42 11.31 26.48 17.69 19.10 25.24 21.02 16.64 23.35 17.20 17.26 23.35 12.65 15.03 17.46 18.60 11.70 26.91 15.03 18.38 18.44 3.16 23.00 11.00 28.46 30.08 7.62 17.69 11.40 14.00 4.12 14.42 20.81 16.64 4.00 
18.36 8.94 13.45 29.97 26.91 3.61 34.06 29.02 26.93 11.70 11.70 25.50 28.18 9.43 32.20 21.40 29.41 25.46 21.10 5.00 29.07 27.73 16.12 26.63 6.40 27.59 10.63 18.00 7.00 28.30 14.00 27.51 11.66 15.81 21.47 14.56 11.18 27.66 12.04 23.54 3.00 12.53 23.09 29.15 0.00 17.49 20.62 28.28 31.62 22.47 26.25 2.00 20.00 19.72 23.09 20.00 26.93 13.42 19.10 27.20 25.08 23.00 27.86 16.00 28.46 24.33 19.24 6.08 28.30 12.04 25.71 8.25 30.81 15.52 13.04 17.20 8.06 32.53 16.97 11.70 25.06 31.83 29.83 16.97 27.78 26.42 27.20 11.70 27.00 2.00 22.02 24.41 26.93 24.00 36.80 25.08 29.83 25.08 30.81 30.89 
1.00 11.05 5.00 12.65 11.40 14.32 17.03 17.20 10.05 6.40 11.18 14.56 10.77 8.06 17.46 4.47 13.00 9.49 9.85 13.00 15.65 16.28 8.60 13.00 11.18 11.18 8.06 9.49 15.13 15.00 15.81 18.03 5.83 4.00 4.12 5.10 6.40 20.12 7.00 17.20 16.16 5.00 7.28 18.44 17.49 0.00 6.40 12.08 17.26 10.44 10.05 15.81 10.30 2.24 13.60 18.60 18.79 4.24 4.12 9.90 8.06 20.52 11.05 9.06 18.97 10.30 15.62 12.04 10.82 6.08 10.44 13.04 13.45 5.00 14.56 1.41 9.43 16.12 4.24 11.18 7.62 15.65 14.14 4.24 10.30 8.94 18.38 6.40 23.43 15.81 12.21 11.05 9.43 21.21 20.59 14.87 12.81 8.06 13.45 18.00 
5.66 16.28 10.77 10.63 15.13 18.11 18.03 10.82 7.07 9.06 17.09 20.12 9.43 12.00 21.02 8.54 8.94 13.15 15.81 17.03 9.49 21.54 15.00 17.72 15.03 14.00 13.34 5.39 20.10 19.65 21.93 23.71 10.05 5.00 5.10 6.08 10.00 26.08 12.65 23.43 20.10 9.06 2.83 23.77 20.62 6.40 0.00 15.00 21.10 16.12 5.83 18.68 5.00 5.83 7.62 25.00 24.70 8.06 10.00 11.18 5.83 26.91 7.81 6.40 24.60 4.12 22.02 14.56 10.77 11.40 5.10 18.25 13.93 5.10 20.62 7.81 13.04 18.25 10.63 17.09 7.28 18.11 9.22 10.63 9.85 8.54 24.19 9.06 29.73 18.68 6.32 16.16 9.49 27.59 22.56 20.59 14.32 5.83 13.93 22.56 
11.70 20.00 14.87 9.90 2.00 24.76 6.32 22.85 11.18 18.36 18.36 9.49 8.60 19.21 6.08 7.62 13.60 2.83 9.22 23.35 20.12 9.43 13.42 5.39 21.93 1.00 17.69 20.10 23.85 6.40 20.88 12.53 17.20 15.81 10.05 17.09 18.03 15.65 16.28 15.30 26.25 16.64 13.15 11.40 28.28 12.08 15.00 0.00 6.32 8.06 13.00 26.91 20.00 10.44 22.20 20.00 14.32 16.12 9.22 4.47 10.44 20.22 11.66 20.40 13.04 16.49 17.03 23.60 6.40 16.28 14.87 21.63 5.39 16.76 20.25 11.66 20.62 4.24 11.31 18.36 8.25 3.61 15.81 11.31 7.21 7.62 13.42 18.36 21.19 26.91 21.10 6.00 6.71 20.40 8.60 10.44 3.16 10.44 5.39 8.60 
17.12 22.80 18.79 15.81 6.00 28.02 8.94 29.15 17.46 23.09 20.52 7.62 14.76 23.26 1.00 13.04 19.72 8.00 10.63 26.63 26.40 6.08 15.62 5.00 25.55 7.28 21.10 26.00 26.17 3.61 21.63 9.00 21.54 21.21 16.03 22.36 22.47 12.04 19.72 13.34 29.21 21.19 19.42 7.07 31.62 17.26 21.10 6.32 0.00 9.22 19.31 30.53 26.08 16.03 28.44 18.97 11.00 20.88 13.60 10.77 16.76 18.25 17.89 26.08 9.06 22.80 16.55 27.73 12.53 20.12 21.19 24.08 10.63 22.20 21.40 16.49 24.60 5.83 15.23 20.52 14.56 5.00 21.95 15.23 13.42 13.93 10.00 23.09 18.03 30.53 27.29 7.21 13.00 18.11 7.07 8.54 8.60 16.76 10.63 3.16 
10.77 13.60 10.20 16.16 6.08 18.87 14.32 26.25 15.81 15.03 11.31 4.12 14.32 14.56 9.90 7.81 18.87 6.08 1.41 17.49 24.04 6.00 6.40 4.24 16.55 8.00 12.08 19.92 16.97 5.83 13.00 7.62 13.15 14.32 11.40 15.13 14.14 10.00 10.77 8.06 20.00 13.04 15.62 8.06 22.47 10.44 16.12 8.06 9.22 0.00 17.03 21.47 20.62 10.30 23.71 12.04 8.60 13.00 6.32 10.44 14.21 12.65 16.64 19.42 8.54 19.21 9.00 18.97 12.65 11.40 18.38 14.87 13.04 15.30 12.53 9.22 15.81 11.70 7.00 11.31 12.21 10.77 20.81 7.00 13.00 12.53 8.06 15.03 14.42 21.47 22.36 2.24 12.08 13.00 15.26 4.47 11.00 14.21 13.04 8.54 
9.06 21.00 15.03 5.39 13.89 23.54 14.04 9.85 2.00 14.56 21.21 20.52 5.00 17.26 18.97 9.43 3.16 12.21 17.20 22.36 7.21 21.40 18.03 17.20 20.40 12.08 18.00 10.63 25.02 18.87 25.71 24.08 15.13 10.44 6.32 11.70 15.30 26.87 17.03 25.00 25.50 14.14 3.16 23.60 26.25 10.05 5.83 13.00 19.31 17.03 0.00 24.35 9.43 8.25 10.20 27.73 25.46 13.15 12.08 8.54 2.83 29.15 2.24 12.04 24.84 4.12 24.60 20.25 7.07 16.00 2.00 23.00 10.00 10.77 24.52 11.18 18.44 15.13 13.60 21.21 5.00 15.30 4.12 13.60 6.08 5.39 24.76 14.56 31.40 24.35 9.49 16.28 6.32 29.68 19.00 21.21 11.18 2.83 10.00 21.47 
16.64 8.25 12.04 28.18 25.61 3.00 32.56 27.02 25.08 9.85 11.18 24.70 26.42 7.81 31.06 19.85 27.51 24.08 20.12 4.12 27.07 26.93 15.23 25.55 5.00 26.17 9.43 16.00 7.28 27.29 14.14 26.93 10.00 13.93 19.72 12.65 9.43 27.29 10.82 23.19 3.61 10.82 21.19 28.46 2.00 15.81 18.68 26.91 30.53 21.47 24.35 0.00 18.00 18.03 21.10 20.10 26.48 11.66 17.69 25.61 23.26 23.09 26.00 14.00 27.89 22.36 19.03 4.12 26.63 10.63 23.77 8.00 29.21 13.60 13.04 15.62 6.40 31.14 15.62 11.18 23.32 30.48 27.89 15.62 26.08 24.70 26.68 9.85 27.07 0.00 20.02 23.32 25.24 24.08 35.47 24.35 28.32 23.26 29.21 29.97 
9.85 17.89 13.45 14.76 20.10 18.25 22.80 9.06 11.18 9.85 19.42 24.70 13.93 13.00 26.02 13.34 12.04 18.11 20.12 17.46 9.22 26.25 18.44 22.56 15.52 19.00 15.26 2.00 21.19 24.52 24.41 28.23 11.66 7.07 10.05 7.21 11.18 30.41 15.00 27.46 20.22 10.82 7.28 28.46 20.00 10.30 5.00 20.00 26.08 20.62 9.43 18.00 0.00 10.44 3.61 28.28 29.07 10.00 14.32 16.12 10.44 30.48 11.66 4.00 29.15 5.66 25.50 14.04 15.52 13.60 7.81 19.70 18.68 6.40 23.02 11.66 13.60 23.19 14.42 19.42 12.17 23.09 11.40 14.42 14.56 13.34 28.64 9.85 33.60 18.00 2.24 20.88 14.32 31.24 27.46 25.08 19.24 10.44 18.68 27.46 
1.41 13.15 7.07 10.44 10.05 16.55 15.00 16.28 8.00 8.49 13.04 14.32 8.54 10.30 16.12 3.00 11.05 8.06 10.00 15.23 14.42 15.81 9.85 12.17 13.42 9.49 10.20 10.05 17.26 14.14 17.46 17.89 8.06 5.39 2.00 6.71 8.60 20.25 9.06 17.69 18.38 7.21 5.83 18.03 19.72 2.24 5.83 10.44 16.03 10.30 8.25 18.03 10.44 0.00 13.42 19.72 18.87 6.40 4.24 7.81 6.00 21.40 9.00 10.05 18.79 9.22 16.64 14.21 8.60 8.25 8.94 15.13 11.31 6.32 16.28 3.00 11.66 14.32 5.39 13.04 5.39 13.93 12.37 5.39 8.06 6.71 18.36 8.49 24.04 18.03 12.08 10.44 7.21 22.02 18.79 14.76 10.82 6.00 11.31 17.12 
13.04 21.47 17.03 15.52 22.56 21.59 24.19 6.08 12.17 13.42 23.02 27.73 15.13 16.55 28.28 16.16 12.08 20.62 23.32 20.88 7.21 29.15 21.93 25.30 18.97 21.21 18.87 5.39 24.70 27.20 28.02 31.30 15.26 10.63 12.65 10.82 14.76 33.62 18.60 30.81 23.54 14.42 9.06 31.38 23.09 13.60 7.62 22.20 28.44 23.71 10.20 21.10 3.61 13.42 0.00 31.83 32.25 13.60 17.49 18.03 12.00 33.97 12.37 7.28 32.20 6.08 29.00 17.26 17.03 17.20 8.25 23.26 20.10 10.00 26.63 15.00 17.09 25.00 17.80 23.02 14.04 25.02 10.82 17.80 16.03 15.00 31.76 13.42 37.01 21.10 1.41 23.77 16.00 34.71 29.07 28.18 21.00 12.00 20.10 30.08 
19.42 12.65 14.87 27.89 18.00 17.12 26.08 35.81 26.93 19.42 9.85 11.40 25.96 17.00 19.92 18.38 30.08 18.11 11.18 16.28 34.13 13.00 10.00 15.13 16.76 20.02 13.89 26.91 13.00 15.52 6.00 10.82 17.20 21.21 21.47 21.26 18.03 9.22 13.60 5.83 17.00 17.80 25.55 13.04 20.00 18.60 25.00 20.00 18.97 12.04 27.73 20.10 28.28 19.72 31.83 0.00 9.22 18.44 15.65 22.36 25.08 3.00 27.86 25.61 11.40 28.84 3.16 19.92 24.52 15.00 28.65 12.17 25.08 21.93 7.07 17.20 17.46 23.19 14.42 9.85 23.41 22.20 31.78 14.42 24.74 24.04 10.00 19.42 7.00 20.10 30.41 14.00 23.77 4.00 25.96 10.44 23.02 25.08 25.08 16.55 
19.24 18.25 17.26 23.85 12.53 23.54 19.42 34.83 24.08 22.36 15.30 5.00 22.20 21.02 12.00 16.40 27.02 13.60 8.94 22.36 32.56 5.10 12.04 8.94 22.09 14.76 18.00 28.23 20.25 8.25 13.89 2.00 20.22 22.47 20.00 23.09 21.21 1.41 17.03 3.61 24.04 20.40 24.21 4.12 26.93 18.79 24.70 14.32 11.00 8.60 25.46 26.48 29.07 18.87 32.25 9.22 0.00 20.62 14.76 18.03 22.63 7.62 24.84 27.51 2.24 27.80 8.06 25.02 20.25 18.11 26.91 18.68 19.70 23.41 14.32 17.46 22.00 16.28 14.87 15.30 20.52 15.30 29.07 14.87 20.81 20.62 1.00 22.36 7.07 26.48 30.89 9.22 20.00 7.28 18.03 4.24 17.46 22.63 19.70 8.06 
5.00 8.25 3.61 16.55 15.23 10.44 21.26 18.38 13.60 2.24 9.43 17.03 14.76 4.12 21.19 8.60 16.28 13.42 12.04 9.22 17.46 19.00 8.94 16.28 7.28 15.26 5.39 8.49 12.04 18.25 14.42 20.22 2.00 3.16 8.06 2.83 2.24 21.84 5.00 18.38 12.37 1.00 10.05 21.02 13.42 4.24 8.06 16.12 20.88 13.00 13.15 11.66 10.00 6.40 13.60 18.44 20.62 0.00 7.28 14.14 11.70 20.81 14.56 7.21 21.21 12.17 15.81 7.81 15.00 3.61 13.00 10.20 17.69 3.61 13.04 4.47 5.39 20.25 6.00 9.43 11.66 19.72 17.03 6.00 14.42 13.04 20.40 2.24 24.19 11.66 12.21 14.14 13.60 21.63 24.70 17.12 17.03 11.70 17.69 21.21 
4.47 11.18 5.66 13.00 8.06 15.62 15.00 20.52 11.40 9.49 10.20 10.44 11.00 10.00 13.93 3.00 14.56 6.40 5.83 14.21 18.60 12.17 6.08 9.06 12.73 8.49 8.60 13.60 15.23 11.05 14.04 13.93 8.06 8.06 5.83 9.00 8.94 16.12 7.21 13.45 17.20 7.62 10.00 14.32 19.10 4.12 10.00 9.22 13.60 6.32 12.08 17.69 14.32 4.24 17.49 15.65 14.76 7.28 0.00 8.54 9.49 17.20 12.37 13.15 14.87 13.45 12.53 14.42 10.20 7.07 13.04 13.00 12.08 9.06 13.00 3.00 11.40 13.45 2.24 10.20 8.06 12.81 16.16 2.24 10.05 9.00 14.32 9.49 19.80 17.69 16.12 7.00 9.06 17.80 17.80 10.77 10.82 9.49 12.08 14.04 
9.22 19.70 13.89 5.83 5.66 23.85 7.21 18.38 6.71 16.28 18.68 13.04 4.24 17.80 10.44 5.83 9.22 4.47 11.18 22.47 15.65 13.45 14.14 9.22 20.81 3.61 17.00 16.49 23.77 10.63 22.09 16.40 15.62 13.04 6.71 14.42 16.28 19.42 15.65 18.38 25.55 14.87 9.00 15.56 27.20 9.90 11.18 4.47 10.77 10.44 8.54 25.61 16.12 7.81 18.03 22.36 18.03 14.14 8.54 0.00 6.08 23.09 7.21 17.09 17.03 12.17 19.24 21.93 2.24 15.26 10.44 21.54 3.61 13.89 21.21 10.00 19.21 7.07 10.77 18.68 4.00 7.00 11.40 10.77 2.83 3.16 17.20 16.28 24.60 25.61 17.00 8.94 2.24 23.41 11.40 13.89 3.16 6.08 3.61 13.04 
7.07 19.10 13.04 5.00 11.18 22.14 12.37 12.53 2.00 13.42 19.03 17.69 3.61 15.81 16.49 6.71 5.10 9.43 14.42 20.88 10.00 18.60 15.52 14.42 18.97 9.49 16.12 11.18 23.19 16.12 23.35 21.26 13.60 9.43 4.00 10.82 13.93 24.04 15.03 22.20 24.04 12.65 3.16 20.81 25.08 8.06 5.83 10.44 16.76 14.21 2.83 23.26 10.44 6.00 12.00 25.08 22.63 11.70 9.49 6.08 0.00 26.42 3.00 12.21 22.02 6.08 21.93 19.24 5.10 14.14 4.47 21.10 8.25 10.00 22.20 9.00 17.09 13.00 11.18 19.03 2.24 13.04 6.71 11.18 4.12 3.00 21.93 13.42 28.60 23.26 11.05 13.45 4.00 26.93 17.12 18.38 9.00 0.00 8.25 18.79 
21.26 15.52 17.20 28.79 18.25 20.10 26.02 37.64 28.18 21.95 12.65 11.00 26.93 19.70 19.24 19.72 31.30 18.68 12.08 19.24 35.81 12.17 12.04 15.03 19.65 20.40 16.55 29.21 16.00 15.03 9.00 9.49 19.72 23.43 23.02 23.60 20.59 7.21 16.12 5.00 20.00 20.25 27.20 11.70 23.00 20.52 26.91 20.22 18.25 12.65 29.15 23.09 30.48 21.40 33.97 3.00 7.62 20.81 17.20 23.09 26.42 0.00 29.07 28.02 9.85 30.61 5.00 22.80 25.30 17.49 30.23 15.13 25.50 24.21 10.05 19.10 20.25 23.00 16.28 12.65 24.60 22.00 33.12 16.28 25.63 25.08 8.54 21.95 4.00 23.09 32.56 14.32 24.70 1.00 25.32 10.00 23.35 26.42 25.50 15.52 
10.05 22.09 16.03 3.16 12.81 25.00 12.00 11.40 1.00 16.16 22.02 19.85 3.16 18.68 17.46 9.49 2.24 11.31 17.00 23.77 8.54 20.52 18.44 16.28 21.84 10.82 19.10 12.81 26.17 17.80 26.31 23.35 16.49 12.08 7.00 13.42 16.76 26.25 18.03 24.70 26.93 15.52 5.00 22.67 27.86 11.05 7.81 11.66 17.89 16.64 2.24 26.00 11.66 9.00 12.37 27.86 24.84 14.56 12.37 7.21 3.00 29.07 0.00 14.14 24.04 6.32 24.70 21.93 5.39 17.12 4.12 24.08 8.06 12.53 25.18 12.00 19.92 13.34 14.14 22.02 4.47 13.60 4.24 14.14 4.47 4.24 24.08 16.16 31.06 26.00 11.70 15.62 5.00 29.53 17.03 20.62 9.49 3.00 8.06 20.25 
9.00 14.42 10.82 17.03 20.10 14.32 24.17 13.04 13.45 6.40 16.28 23.54 15.81 9.43 26.17 13.04 15.00 18.11 18.68 13.60 13.15 25.32 16.12 22.02 11.70 19.42 12.04 2.00 17.46 24.02 21.26 26.93 8.49 5.10 10.44 4.47 7.81 28.79 12.04 25.50 16.28 7.81 9.22 27.46 16.00 9.06 6.40 20.40 26.08 19.42 12.04 14.00 4.00 10.05 7.28 25.61 27.51 7.21 13.15 17.09 12.21 28.02 14.14 0.00 27.89 8.94 23.02 10.05 17.00 10.63 10.82 16.12 20.12 4.12 19.85 10.20 9.85 24.04 12.65 16.28 13.42 23.77 14.76 12.65 16.12 14.76 27.20 6.40 31.38 14.00 6.08 20.10 15.65 28.84 28.46 23.77 20.25 12.21 20.12 27.02 
19.31 19.65 18.03 22.80 11.40 25.00 17.72 34.41 23.35 23.09 16.76 4.47 21.26 22.02 10.05 16.12 26.17 12.73 9.22 23.77 32.02 3.61 13.04 7.81 23.35 13.60 19.10 28.46 21.93 6.71 15.81 1.00 21.02 22.80 19.72 23.54 22.02 3.00 18.03 5.66 25.63 21.10 23.85 2.00 28.46 18.97 24.60 13.04 9.06 8.54 24.84 27.89 29.15 18.79 32.20 11.40 2.24 21.21 14.87 17.03 22.02 9.85 24.04 27.89 0.00 27.46 10.00 26.17 19.21 19.00 26.40 20.25 18.36 23.77 16.12 17.72 23.09 14.56 15.30 16.76 19.85 13.60 28.28 15.30 19.85 19.80 1.41 23.09 9.00 27.89 30.87 8.60 19.10 9.49 16.00 4.12 16.12 22.02 18.36 6.00 
9.43 20.40 14.87 9.49 17.09 22.02 18.11 7.07 6.08 13.00 21.19 23.02 9.06 16.03 22.56 11.40 6.40 15.23 19.10 21.00 5.39 24.19 18.87 20.12 19.00 15.52 17.46 7.21 24.19 21.93 26.00 26.63 14.14 9.06 7.81 10.00 14.04 29.21 16.76 26.87 24.02 13.15 3.61 26.42 24.33 10.30 4.12 16.49 22.80 19.21 4.12 22.36 5.66 9.22 6.08 28.84 27.80 12.17 13.45 12.17 6.08 30.61 6.32 8.94 27.46 0.00 25.81 18.25 11.00 15.52 2.24 22.36 14.04 9.00 24.70 11.66 17.00 19.03 14.42 21.19 8.25 19.10 5.83 14.42 10.00 9.06 27.20 13.00 33.24 22.36 5.39 18.87 10.05 31.24 23.02 23.60 15.03 6.08 14.04 24.70 
16.40 11.05 12.21 24.74 15.03 16.03 23.19 32.80 23.77 17.00 8.06 8.94 22.80 14.87 17.46 15.23 26.93 15.03 8.06 15.00 31.06 10.82 7.07 12.37 15.13 17.00 11.70 24.21 12.37 13.00 5.83 9.22 14.76 18.44 18.36 18.60 15.65 8.54 11.18 4.47 16.28 15.26 22.47 11.31 19.24 15.62 22.02 17.03 16.55 9.00 24.60 19.03 25.50 16.64 29.00 3.16 8.06 15.81 12.53 19.24 21.93 5.00 24.70 23.02 10.00 25.81 0.00 18.25 21.38 12.53 25.55 11.05 22.02 19.21 6.32 14.21 15.52 20.40 11.40 8.06 20.25 19.42 28.64 11.40 21.59 20.88 8.60 17.00 8.54 19.03 27.59 11.05 20.62 5.83 23.41 8.06 20.00 21.93 22.02 14.42 
12.81 7.28 8.94 24.19 22.47 4.47 29.00 23.09 21.02 5.83 10.20 22.56 22.47 4.47 28.18 16.28 23.41 20.81 17.72 4.24 23.02 24.74 13.15 22.85 3.16 22.80 7.07 12.04 8.49 24.70 14.32 25.18 6.40 9.85 15.81 8.54 5.66 26.00 8.25 22.02 6.32 7.07 17.09 26.48 6.08 12.04 14.56 23.60 27.73 18.97 20.25 4.12 14.04 14.21 17.26 19.92 25.02 7.81 14.42 21.93 19.24 22.80 21.93 10.05 26.17 18.25 18.25 0.00 22.80 7.62 19.65 8.06 25.50 9.49 13.00 12.04 3.16 27.80 12.53 10.20 19.42 27.20 23.77 12.53 22.20 20.81 25.08 5.83 26.68 4.12 16.12 20.62 21.40 23.77 32.20 22.36 24.76 19.24 25.50 27.51 
10.00 21.19 15.23 3.61 7.81 25.06 7.28 16.76 5.10 17.03 20.40 15.26 2.24 18.87 12.08 7.28 7.21 6.71 13.34 23.71 13.93 15.62 16.03 11.40 21.95 5.66 18.38 16.16 25.30 12.73 24.02 18.60 16.64 13.45 7.07 14.87 17.20 21.63 17.09 20.62 26.83 15.81 8.25 17.69 28.30 10.82 10.77 6.40 12.53 12.65 7.07 26.63 15.52 8.60 17.03 24.52 20.25 15.00 10.20 2.24 5.10 25.30 5.39 17.00 19.21 11.00 21.38 22.80 0.00 16.55 9.06 23.09 3.16 14.21 23.09 11.18 20.25 8.06 12.37 20.40 3.61 8.25 9.43 12.37 1.00 2.24 19.42 17.03 26.83 26.63 16.12 11.18 1.41 25.63 12.04 16.12 4.12 5.10 3.16 15.00 
7.07 5.00 1.41 18.68 15.00 8.60 22.02 21.93 16.12 4.47 5.83 15.13 16.76 3.16 20.59 9.43 19.03 13.45 10.20 7.21 20.88 17.26 6.08 15.23 5.66 15.56 2.00 12.04 9.06 17.09 10.82 18.00 2.24 6.71 10.20 6.40 3.16 19.24 1.41 15.52 10.30 2.83 13.04 19.10 12.04 6.08 11.40 16.28 20.12 11.40 16.00 10.63 13.60 8.25 17.20 15.00 18.11 3.61 7.07 15.26 14.14 17.49 17.12 10.63 19.00 15.52 12.53 7.62 16.55 0.00 16.12 7.00 18.87 7.21 9.43 5.39 4.47 20.52 5.00 5.83 13.60 19.85 20.02 5.00 16.16 14.87 18.03 4.47 21.02 10.63 15.81 13.00 15.23 18.36 24.84 15.03 17.80 14.14 18.87 19.92 
9.49 21.10 15.30 7.28 15.65 23.19 16.03 8.06 4.00 14.14 21.59 22.02 7.00 17.03 20.88 10.63 4.24 13.89 18.44 22.09 5.66 23.02 18.79 18.87 20.10 13.93 18.11 9.22 25.02 20.59 26.25 25.61 15.00 10.05 7.21 11.18 15.03 28.32 17.26 26.25 25.18 14.00 3.16 25.24 25.71 10.44 5.10 14.87 21.19 18.38 2.00 23.77 7.81 8.94 8.25 28.65 26.91 13.00 13.04 10.44 4.47 30.23 4.12 10.82 26.40 2.24 25.55 19.65 9.06 16.12 0.00 23.09 12.00 10.20 25.00 11.70 18.11 17.12 14.32 21.59 6.71 17.26 4.12 14.32 8.06 7.28 26.25 14.14 32.65 23.77 7.62 17.80 8.25 30.81 21.00 22.67 13.15 4.47 12.00 23.26 
14.04 2.00 8.06 25.50 20.00 5.00 27.78 28.46 23.09 9.85 3.61 17.49 23.54 6.71 24.76 15.81 26.02 18.87 13.45 4.12 27.66 19.72 8.49 19.10 5.00 21.10 5.00 17.89 2.24 20.62 6.32 19.31 8.25 13.34 17.12 12.65 8.54 19.42 6.08 15.30 5.39 9.22 20.02 21.02 8.25 13.04 18.25 21.63 24.08 14.87 23.00 8.00 19.70 15.13 23.26 12.17 18.68 10.20 13.00 21.54 21.10 15.13 24.08 16.12 20.25 22.36 11.05 8.06 23.09 7.00 23.09 0.00 25.08 13.60 5.10 12.17 6.40 25.81 10.77 3.61 20.40 25.00 27.02 10.77 22.80 21.59 18.97 9.85 19.10 8.00 21.93 16.97 21.84 16.12 29.83 17.00 23.71 21.10 25.08 23.02 
12.73 23.26 17.49 5.39 7.28 27.46 4.12 19.42 8.00 19.80 22.14 14.87 5.00 21.40 10.00 9.43 9.49 7.00 14.00 26.08 16.49 14.76 17.46 10.77 24.41 5.10 20.59 19.31 27.31 11.66 25.32 17.89 19.21 16.40 10.00 17.80 19.85 21.02 19.24 20.62 29.15 18.44 11.40 16.64 30.81 13.45 13.93 5.39 10.63 13.04 10.00 29.21 18.68 11.31 20.10 25.08 19.70 17.69 12.08 3.61 8.25 25.50 8.06 20.12 18.36 14.04 22.02 25.50 3.16 18.87 12.00 25.08 0.00 17.20 24.52 13.60 22.80 5.39 14.32 22.14 6.71 5.83 11.70 14.32 4.12 5.39 18.79 19.80 26.57 29.21 19.24 11.18 4.47 25.71 9.00 15.81 2.24 8.25 0.00 13.45 
5.10 11.70 7.07 15.00 16.28 13.04 21.10 14.87 11.66 4.00 13.04 19.42 13.45 7.07 22.36 9.22 13.93 14.32 14.56 12.00 14.14 21.21 12.21 18.00 10.00 15.81 8.94 5.00 15.30 20.00 18.03 22.80 5.39 1.00 7.21 1.00 5.10 24.70 8.60 21.47 15.03 4.47 7.62 23.35 15.52 5.00 5.10 16.76 22.20 15.30 10.77 13.60 6.40 6.32 10.00 21.93 23.41 3.61 9.06 13.89 10.00 24.21 12.53 4.12 23.77 9.00 19.21 9.49 14.21 7.21 10.20 13.60 17.20 0.00 16.64 6.08 8.00 20.62 8.54 13.04 10.63 20.25 14.32 8.54 13.45 12.04 23.09 4.00 27.46 13.60 8.60 16.03 12.81 25.00 25.08 19.65 17.00 10.00 17.20 23.00 
15.52 5.83 9.85 26.00 18.38 10.05 26.57 31.30 24.19 13.45 3.61 14.14 24.00 10.63 22.20 16.00 27.29 17.72 11.18 9.22 30.08 16.28 7.07 16.64 9.85 19.92 7.81 21.40 6.08 17.80 1.41 15.26 11.40 16.12 18.25 15.81 12.04 14.87 8.06 10.77 10.05 12.21 21.84 17.20 13.04 14.56 20.62 20.25 21.40 12.53 24.52 13.04 23.02 16.28 26.63 7.07 14.32 13.04 13.00 21.21 22.20 10.05 25.18 19.85 16.12 24.70 6.32 13.00 23.09 9.43 25.00 5.10 24.52 16.64 0.00 13.34 10.82 24.17 11.05 3.61 21.02 23.26 28.64 11.05 23.02 22.00 14.76 13.45 14.04 13.04 25.24 14.76 22.02 11.05 27.78 13.45 22.80 22.20 24.52 19.80 
2.24 10.20 4.12 13.34 10.77 13.89 16.97 18.60 11.00 6.71 10.05 13.34 11.40 7.81 16.76 4.24 14.04 8.94 8.54 12.53 17.00 15.13 7.21 12.04 10.82 10.82 7.28 10.77 14.32 14.04 14.56 16.76 5.66 5.10 5.00 6.00 6.40 18.79 6.08 15.81 15.65 5.00 8.54 17.26 17.20 1.41 7.81 11.66 16.49 9.22 11.18 15.62 11.66 3.00 15.00 17.20 17.46 4.47 3.00 10.00 9.00 19.10 12.00 10.20 17.72 11.66 14.21 12.04 11.18 5.39 11.70 12.17 13.60 6.08 13.34 0.00 9.22 15.81 2.83 10.05 8.25 15.26 15.30 2.83 10.77 9.49 17.09 6.71 22.02 15.62 13.60 10.00 9.85 19.80 20.25 13.60 12.73 9.00 13.60 17.03 
10.30 5.00 5.83 21.93 19.42 5.10 26.17 22.56 18.97 4.00 7.62 19.42 20.12 1.41 25.06 13.45 21.59 17.80 14.56 4.00 22.09 21.59 10.05 19.70 2.00 19.85 4.00 11.70 7.62 21.54 12.21 22.09 3.61 8.06 13.42 7.00 3.16 23.02 5.10 19.10 7.07 4.47 15.30 23.35 8.06 9.43 13.04 20.62 24.60 15.81 18.44 6.40 13.60 11.66 17.09 17.46 22.00 5.39 11.40 19.21 17.09 20.25 19.92 9.85 23.09 17.00 15.52 3.16 20.25 4.47 18.11 6.40 22.80 8.00 10.82 9.22 0.00 24.84 9.43 7.62 17.00 24.21 22.20 9.43 19.72 18.36 22.02 4.00 24.04 6.40 15.81 17.46 18.87 21.19 29.21 19.24 21.93 17.09 22.80 24.35 
15.65 24.21 19.10 10.77 5.83 29.00 3.16 24.74 13.15 22.47 22.47 12.00 10.20 23.43 5.00 11.66 14.87 7.07 13.00 27.59 21.84 11.18 17.49 8.06 26.17 5.00 21.93 23.54 28.02 8.06 24.70 14.32 21.40 19.70 13.60 21.02 22.20 17.46 20.52 18.00 30.48 20.81 16.03 12.65 32.53 16.12 18.25 4.24 5.83 11.70 15.13 31.14 23.19 14.32 25.00 23.19 16.28 20.25 13.45 7.07 13.00 23.00 13.34 24.04 14.56 19.03 20.40 27.80 8.06 20.52 17.12 25.81 5.39 20.62 24.17 15.81 24.84 0.00 15.56 22.47 11.05 1.00 17.09 15.56 9.06 10.00 15.30 22.47 23.35 31.14 24.02 9.49 9.00 23.02 4.47 13.00 4.00 13.00 5.39 8.94 
5.00 8.94 3.61 15.03 10.00 13.45 17.20 21.40 13.15 8.06 8.06 11.05 13.04 8.06 15.65 5.10 16.28 8.49 6.08 12.04 19.72 13.00 4.47 10.44 10.63 10.63 6.40 13.42 13.00 12.37 12.17 14.32 6.32 7.62 7.28 8.25 7.28 16.16 5.00 13.04 15.00 6.08 11.18 15.03 16.97 4.24 10.63 11.31 15.23 7.00 13.60 15.62 14.42 5.39 17.80 14.42 14.87 6.00 2.24 10.77 11.18 16.28 14.14 12.65 15.30 14.42 11.40 12.53 12.37 5.00 14.32 10.77 14.32 8.54 11.05 2.83 9.43 15.56 0.00 8.06 10.00 14.87 17.72 0.00 12.17 11.05 14.56 8.06 19.21 15.62 16.40 8.25 11.18 16.97 19.85 11.18 13.04 11.18 14.32 15.30 
12.17 3.00 6.32 23.09 16.64 8.25 24.60 27.73 21.02 9.90 0.00 13.89 21.10 7.21 21.21 13.15 24.08 15.65 9.90 7.07 26.57 16.12 5.00 15.56 7.07 17.89 4.24 17.80 5.66 17.03 5.00 15.81 7.81 12.53 15.03 12.21 8.49 16.12 4.47 12.04 8.94 8.60 18.44 17.46 11.70 11.18 17.09 18.36 20.52 11.31 21.21 11.18 19.42 13.04 23.02 9.85 15.30 9.43 10.20 18.68 19.03 12.65 22.02 16.28 16.76 21.19 8.06 10.20 20.40 5.83 21.59 3.61 22.14 13.04 3.61 10.05 7.62 22.47 8.06 0.00 18.03 21.63 25.32 8.06 20.22 19.10 15.52 9.90 16.49 11.18 21.63 13.45 19.24 13.60 26.40 13.42 20.62 19.03 22.14 19.42 
6.71 18.44 12.37 5.10 8.94 21.93 10.77 14.76 3.61 13.60 18.03 15.56 3.16 15.65 14.32 5.10 6.71 7.21 12.53 20.62 12.21 16.40 14.14 12.21 18.79 7.28 15.52 12.65 22.56 13.89 22.09 19.10 13.42 9.90 3.61 11.31 13.89 21.93 14.32 20.25 23.77 12.53 5.00 18.60 25.06 7.62 7.28 8.25 14.56 12.21 5.00 23.32 12.17 5.39 14.04 23.41 20.52 11.66 8.06 4.00 2.24 24.60 4.47 13.42 19.85 8.25 20.25 19.42 3.61 13.60 6.71 20.40 6.71 10.63 21.02 8.25 17.00 11.05 10.00 18.03 0.00 11.00 8.60 10.00 2.83 1.41 19.80 13.60 26.63 23.32 13.00 11.31 2.24 25.06 15.30 16.28 7.07 2.24 6.71 16.55 
15.23 23.43 18.44 11.18 5.00 28.28 4.12 25.00 13.34 21.95 21.63 11.00 10.44 22.80 4.24 11.18 15.23 6.40 12.08 26.87 22.14 10.20 16.64 7.07 25.50 4.47 21.21 23.35 27.20 7.07 23.77 13.34 20.81 19.31 13.34 20.62 21.63 16.49 19.80 17.00 29.73 20.25 16.00 11.70 31.83 15.65 18.11 3.61 5.00 10.77 15.30 30.48 23.09 13.93 25.02 22.20 15.30 19.72 12.81 7.00 13.04 22.00 13.60 23.77 13.60 19.10 19.42 27.20 8.25 19.85 17.26 25.00 5.83 20.25 23.26 15.26 24.21 1.00 14.87 21.63 11.00 0.00 17.46 14.87 9.22 10.05 14.32 21.95 22.36 30.48 24.00 8.54 9.06 22.02 5.00 12.00 4.12 13.04 5.83 8.06 
13.15 25.02 19.10 6.32 17.03 27.29 15.30 8.00 5.00 18.25 25.32 24.08 7.21 21.10 21.47 13.42 2.24 15.56 21.10 26.17 5.00 24.76 22.14 20.52 24.19 15.00 22.02 13.04 29.00 22.02 29.83 27.59 19.03 14.14 10.44 15.30 19.10 30.48 21.10 28.84 29.27 18.03 7.00 26.91 29.83 14.14 9.22 15.81 21.95 20.81 4.12 27.89 11.40 12.37 10.82 31.78 29.07 17.03 16.16 11.40 6.71 33.12 4.24 14.76 28.28 5.83 28.64 23.77 9.43 20.02 4.12 27.02 11.70 14.32 28.64 15.30 22.20 17.09 17.72 25.32 8.60 17.46 0.00 17.72 8.60 8.49 28.32 18.25 35.23 27.89 10.63 19.85 9.22 33.62 20.40 24.84 13.42 6.71 11.70 24.41 
5.00 8.94 3.61 15.03 10.00 13.45 17.20 21.40 13.15 8.06 8.06 11.05 13.04 8.06 15.65 5.10 16.28 8.49 6.08 12.04 19.72 13.00 4.47 10.44 10.63 10.63 6.40 13.42 13.00 12.37 12.17 14.32 6.32 7.62 7.28 8.25 7.28 16.16 5.00 13.04 15.00 6.08 11.18 15.03 16.97 4.24 10.63 11.31 15.23 7.00 13.60 15.62 14.42 5.39 17.80 14.42 14.87 6.00 2.24 10.77 11.18 16.28 14.14 12.65 15.30 14.42 11.40 12.53 12.37 5.00 14.32 10.77 14.32 8.54 11.05 2.83 9.43 15.56 0.00 8.06 10.00 14.87 17.72 0.00 12.17 11.05 14.56 8.06 19.21 15.62 16.40 8.25 11.18 16.97 19.85 11.18 13.04 11.18 14.32 15.30 
9.43 20.88 14.87 3.16 8.49 24.60 8.25 15.81 4.12 16.40 20.22 15.81 1.41 18.36 13.00 7.07 6.40 7.21 13.60 23.26 13.00 16.28 16.00 12.04 21.47 6.40 18.03 15.23 25.00 13.45 24.00 19.21 16.12 12.73 6.40 14.14 16.64 22.20 16.76 21.02 26.40 15.26 7.28 18.38 27.78 10.30 9.85 7.21 13.42 13.00 6.08 26.08 14.56 8.06 16.03 24.74 20.81 14.42 10.05 2.83 4.12 25.63 4.47 16.12 19.85 10.00 21.59 22.20 1.00 16.16 8.06 22.80 4.12 13.45 23.02 10.77 19.72 9.06 12.17 20.22 2.83 9.22 8.60 12.17 0.00 1.41 20.00 16.40 27.29 26.08 15.13 11.66 1.00 26.00 13.04 16.64 5.10 4.12 4.12 15.81 
8.06 19.65 13.60 4.00 8.60 23.26 9.49 15.23 3.61 15.00 19.10 15.62 2.00 17.00 13.60 6.00 6.40 7.07 13.00 21.93 12.53 16.28 15.03 12.04 20.12 6.71 16.76 13.93 23.77 13.60 23.02 19.10 14.76 11.31 5.00 12.73 15.26 22.02 15.52 20.59 25.08 13.89 6.08 18.44 26.42 8.94 8.54 7.62 13.93 12.53 5.39 24.70 13.34 6.71 15.00 24.04 20.62 13.04 9.00 3.16 3.00 25.08 4.24 14.76 19.80 9.06 20.88 20.81 2.24 14.87 7.28 21.59 5.39 12.04 22.00 9.49 18.36 10.00 11.05 19.10 1.41 10.05 8.49 11.05 1.41 0.00 19.85 15.00 26.93 24.70 14.04 11.40 1.00 25.50 14.14 16.40 6.00 3.00 5.39 16.12 
18.79 18.44 17.12 23.02 11.66 23.77 18.44 34.21 23.35 22.20 15.52 4.24 21.40 21.00 11.00 15.81 26.25 12.81 8.54 22.56 31.89 4.12 12.00 8.06 22.20 13.89 18.03 27.86 20.62 7.28 14.42 1.00 20.10 22.14 19.42 22.80 21.10 2.24 17.00 4.24 24.35 20.22 23.60 3.16 27.20 18.38 24.19 13.42 10.00 8.06 24.76 26.68 28.64 18.36 31.76 10.00 1.00 20.40 14.32 17.20 21.93 8.54 24.08 27.20 1.41 27.20 8.60 25.08 19.42 18.03 26.25 18.97 18.79 23.09 14.76 17.09 22.02 15.30 14.56 15.52 19.80 14.32 28.32 14.56 20.00 19.85 0.00 22.20 8.06 26.68 30.41 8.49 19.21 8.25 17.03 3.61 16.55 21.93 18.79 7.07 
7.07 8.06 5.10 18.36 17.46 9.06 23.43 18.68 15.23 0.00 9.90 19.00 16.64 3.16 23.41 10.82 17.72 15.65 14.00 8.00 18.11 21.02 10.44 18.44 6.00 17.49 5.66 8.06 11.40 20.40 14.87 22.09 2.24 4.12 10.00 3.00 1.41 23.54 5.83 19.92 11.05 2.00 11.40 23.00 11.70 6.40 9.06 18.36 23.09 15.03 14.56 9.85 9.85 8.49 13.42 19.42 22.36 2.24 9.49 16.28 13.42 21.95 16.16 6.40 23.09 13.00 17.00 5.83 17.03 4.47 14.14 9.85 19.80 4.00 13.45 6.71 4.00 22.47 8.06 9.90 13.60 21.95 18.25 8.06 16.40 15.00 22.20 0.00 25.50 9.85 12.08 16.28 15.62 22.83 26.93 19.03 19.21 13.42 19.80 23.35 
24.08 19.42 20.59 30.41 19.31 24.08 26.48 40.31 30.23 25.50 16.49 11.70 28.65 23.41 19.03 22.02 33.29 20.12 14.21 23.19 38.29 12.17 15.26 15.81 23.54 21.54 20.25 32.45 20.00 15.30 13.00 9.06 23.26 26.63 25.50 26.93 24.17 6.00 19.70 6.40 24.00 23.71 29.73 11.00 27.00 23.43 29.73 21.19 18.03 14.42 31.40 27.07 33.60 24.04 37.01 7.00 7.07 24.19 19.80 24.60 28.60 4.00 31.06 31.38 9.00 33.24 8.54 26.68 26.83 21.02 32.65 19.10 26.57 27.46 14.04 22.02 24.04 23.35 19.21 16.49 26.63 22.36 35.23 19.21 27.29 26.93 8.06 25.50 0.00 27.07 35.61 15.65 26.42 3.00 25.00 10.77 24.35 28.60 26.57 15.00 
16.64 8.25 12.04 28.18 25.61 3.00 32.56 27.02 25.08 9.85 11.18 24.70 26.42 7.81 31.06 19.85 27.51 24.08 20.12 4.12 27.07 26.93 15.23 25.55 5.00 26.17 9.43 16.00 7.28 27.29 14.14 26.93 10.00 13.93 19.72 12.65 9.43 27.29 10.82 23.19 3.61 10.82 21.19 28.46 2.00 15.81 18.68 26.91 30.53 21.47 24.35 0.00 18.00 18.03 21.10 20.10 26.48 11.66 17.69 25.61 23.26 23.09 26.00 14.00 27.89 22.36 19.03 4.12 26.63 10.63 23.77 8.00 29.21 13.60 13.04 15.62 6.40 31.14 15.62 11.18 23.32 30.48 27.89 15.62 26.08 24.70 26.68 9.85 27.07 0.00 20.02 23.32 25.24 24.08 35.47 24.35 28.32 23.26 29.21 29.97 
11.66 20.12 15.62 14.87 21.38 20.40 23.35 7.00 11.40 12.08 21.63 26.40 14.32 15.23 27.17 14.87 11.66 19.42 21.95 19.65 7.62 27.86 20.52 24.04 17.72 20.10 17.49 4.12 23.41 25.96 26.63 29.97 13.89 9.22 11.40 9.43 13.42 32.25 17.20 29.41 22.36 13.04 8.00 30.08 22.02 12.21 6.32 21.10 27.29 22.36 9.49 20.02 2.24 12.08 1.41 30.41 30.89 12.21 16.12 17.00 11.05 32.56 11.70 6.08 30.87 5.39 27.59 16.12 16.12 15.81 7.62 21.93 19.24 8.60 25.24 13.60 15.81 24.02 16.40 21.63 13.00 24.00 10.63 16.40 15.13 14.04 30.41 12.08 35.61 20.02 0.00 22.47 15.03 33.30 28.16 26.83 20.02 11.05 19.24 28.86 
11.18 15.62 11.70 14.76 4.00 20.81 12.17 25.81 14.87 16.28 13.45 4.24 13.04 16.16 7.81 7.62 17.80 4.47 3.61 19.42 23.43 5.39 8.49 2.24 18.36 6.08 13.89 20.40 19.10 4.12 15.23 7.81 14.56 15.03 11.18 16.00 15.52 10.63 12.53 9.49 22.02 14.32 15.26 7.62 24.41 11.05 16.16 6.00 7.21 2.24 16.28 23.32 20.88 10.44 23.77 14.00 9.22 14.14 7.00 8.94 13.45 14.32 15.62 20.10 8.60 18.87 11.05 20.62 11.18 13.00 17.80 16.97 11.18 16.03 14.76 10.00 17.46 9.49 8.25 13.45 11.31 8.54 19.85 8.25 11.66 11.40 8.49 16.28 15.65 23.32 22.47 0.00 10.82 14.56 13.04 5.00 9.06 13.45 11.18 7.07 
8.60 19.92 13.93 4.12 7.81 23.71 8.54 16.16 4.47 15.62 19.24 15.00 2.24 17.49 12.65 6.08 7.07 6.40 12.65 22.36 13.42 15.56 15.00 11.31 20.59 5.83 17.09 14.87 24.04 12.81 23.00 18.44 15.26 12.04 5.66 13.45 15.81 21.40 15.81 20.12 25.50 14.42 7.07 17.69 26.93 9.43 9.49 6.71 13.00 12.08 6.32 25.24 14.32 7.21 16.00 23.77 20.00 13.60 9.06 2.24 4.00 24.70 5.00 15.65 19.10 10.05 20.62 21.40 1.41 15.23 8.25 21.84 4.47 12.81 22.02 9.85 18.87 9.00 11.18 19.24 2.24 9.06 9.22 11.18 1.00 1.00 19.21 15.62 26.42 25.24 15.03 10.82 0.00 25.08 13.15 15.81 5.00 4.00 4.47 15.26 
21.93 16.49 18.03 29.15 18.44 21.10 26.08 38.29 28.65 22.83 13.60 11.05 27.31 20.62 19.10 20.25 31.76 18.97 12.53 20.22 36.40 12.04 12.81 15.13 20.62 20.62 17.46 30.00 17.00 15.00 10.00 9.22 20.59 24.21 23.60 24.41 21.47 6.71 17.00 5.10 21.00 21.10 27.80 11.40 24.00 21.21 27.59 20.40 18.11 13.00 29.68 24.08 31.24 22.02 34.71 4.00 7.28 21.63 17.80 23.41 26.93 1.00 29.53 28.84 9.49 31.24 5.83 23.77 25.63 18.36 30.81 16.12 25.71 25.00 11.05 19.80 21.19 23.02 16.97 13.60 25.06 22.02 33.62 16.97 26.00 25.50 8.25 22.83 3.00 24.08 33.30 14.56 25.08 0.00 25.18 10.05 23.54 26.93 25.71 15.30 
20.12 28.32 23.43 14.14 9.90 33.24 5.10 28.28 17.00 26.93 26.40 14.56 14.00 27.80 6.08 16.12 18.25 11.40 16.64 31.83 25.32 13.15 21.40 11.18 30.48 9.43 26.17 27.89 32.02 10.44 28.18 16.03 25.81 24.17 18.03 25.50 26.63 19.00 24.76 20.40 34.66 25.24 20.22 14.00 36.80 20.59 22.56 8.60 7.07 15.26 19.00 35.47 27.46 18.79 29.07 25.96 18.03 24.70 17.80 11.40 17.12 25.32 17.03 28.46 16.00 23.02 23.41 32.20 12.04 24.84 21.00 29.83 9.00 25.08 27.78 20.25 29.21 4.47 19.85 26.40 15.30 5.00 20.40 19.85 13.04 14.14 17.03 26.93 25.00 35.47 28.16 13.04 13.15 25.18 0.00 15.52 8.25 17.12 9.00 10.00 
15.23 16.16 14.00 19.72 8.54 21.54 16.03 30.61 19.85 19.03 13.42 1.00 18.03 18.11 9.49 12.21 22.80 9.43 5.10 20.25 28.32 2.83 9.22 5.10 19.65 10.77 15.30 24.35 18.87 5.10 13.45 3.16 17.00 18.68 15.81 19.42 18.00 5.66 14.14 5.00 22.36 17.03 20.00 4.12 25.08 14.87 20.59 10.44 8.54 4.47 21.21 24.35 25.08 14.76 28.18 10.44 4.24 17.12 10.77 13.89 18.38 10.00 20.62 23.77 4.12 23.60 8.06 22.36 16.12 15.03 22.67 17.00 15.81 19.65 13.45 13.60 19.24 13.00 11.18 13.42 16.28 12.00 24.84 11.18 16.64 16.40 3.61 19.03 10.77 24.35 26.83 5.00 15.81 10.05 15.52 0.00 13.60 18.38 15.81 6.40 
12.21 21.95 16.40 7.21 5.10 26.40 4.24 20.88 9.22 19.21 20.62 12.65 6.32 20.52 8.06 8.49 11.18 5.10 12.04 25.00 18.03 12.53 15.81 8.54 23.43 3.00 19.42 19.65 25.94 9.43 23.54 15.65 18.38 16.12 9.85 17.49 19.10 18.79 18.03 18.44 28.02 17.69 12.04 14.42 29.83 12.81 14.32 3.16 8.60 11.00 11.18 28.32 19.24 10.82 21.00 23.02 17.46 17.03 10.82 3.16 9.00 23.35 9.49 20.25 16.12 15.03 20.00 24.76 4.12 17.80 13.15 23.71 2.24 17.00 22.80 12.73 21.93 4.00 13.04 20.62 7.07 4.12 13.42 13.04 5.10 6.00 16.55 19.21 24.35 28.32 20.02 9.06 5.00 23.54 8.25 13.60 0.00 9.00 2.24 11.31 
7.07 19.10 13.04 5.00 11.18 22.14 12.37 12.53 2.00 13.42 19.03 17.69 3.61 15.81 16.49 6.71 5.10 9.43 14.42 20.88 10.00 18.60 15.52 14.42 18.97 9.49 16.12 11.18 23.19 16.12 23.35 21.26 13.60 9.43 4.00 10.82 13.93 24.04 15.03 22.20 24.04 12.65 3.16 20.81 25.08 8.06 5.83 10.44 16.76 14.21 2.83 23.26 10.44 6.00 12.00 25.08 22.63 11.70 9.49 6.08 0.00 26.42 3.00 12.21 22.02 6.08 21.93 19.24 5.10 14.14 4.47 21.10 8.25 10.00 22.20 9.00 17.09 13.00 11.18 19.03 2.24 13.04 6.71 11.18 4.12 3.00 21.93 13.42 28.60 23.26 11.05 13.45 4.00 26.93 17.12 18.38 9.00 0.00 8.25 18.79 
12.73 23.26 17.49 5.39 7.28 27.46 4.12 19.42 8.00 19.80 22.14 14.87 5.00 21.40 10.00 9.43 9.49 7.00 14.00 26.08 16.49 14.76 17.46 10.77 24.41 5.10 20.59 19.31 27.31 11.66 25.32 17.89 19.21 16.40 10.00 17.80 19.85 21.02 19.24 20.62 29.15 18.44 11.40 16.64 30.81 13.45 13.93 5.39 10.63 13.04 10.00 29.21 18.68 11.31 20.10 25.08 19.70 17.69 12.08 3.61 8.25 25.50 8.06 20.12 18.36 14.04 22.02 25.50 3.16 18.87 12.00 25.08 0.00 17.20 24.52 13.60 22.80 5.39 14.32 22.14 6.71 5.83 11.70 14.32 4.12 5.39 18.79 19.80 26.57 29.21 19.24 11.18 4.47 25.71 9.00 15.81 2.24 8.25 0.00 13.45 
18.03 21.95 18.68 18.44 7.62 27.29 12.08 31.30 19.72 23.35 19.42 5.66 17.20 23.09 4.12 14.14 22.20 9.49 9.85 25.94 28.65 3.61 14.76 5.00 25.08 9.43 20.62 27.17 25.00 3.00 19.85 6.08 21.59 22.00 17.46 23.02 22.56 9.00 19.31 10.77 28.30 21.38 21.19 4.00 30.89 18.00 22.56 8.60 3.16 8.54 21.47 29.97 27.46 17.12 30.08 16.55 8.06 21.21 14.04 13.04 18.79 15.52 20.25 27.02 6.00 24.70 14.42 27.51 15.00 19.92 23.26 23.02 13.45 23.00 19.80 17.03 24.35 8.94 15.30 19.42 16.55 8.06 24.41 15.30 15.81 16.12 7.07 23.35 15.00 29.97 28.86 7.07 15.26 15.30 10.00 6.40 11.31 18.79 13.45 0.00 
