1 14 19
2 26 20
3 20 19
4 3 15
5 12 8
6 28 25
7 4 6
8 1 29
9 5 18
10 19 24
11 26 17
12 19 5
13 5 15
14 22 23
15 11 2
16 13 15
17 2 19
18 12 10
19 19 10
20 27 24
21 1 26
22 18 3
23 22 14
24 15 6
25 25 24
26 10 9
27 23 20
28 12 28
29 30 21
30 15 4
31 30 14
32 21 2
33 20 22
34 15 23
35 11 18
36 16 24
37 20 23
38 24 1
39 22 19
40 25 5
41 30 25
42 19 22
43 8 21
44 19 1
45 30 28
46 15 19
47 10 23
48 10 8
49 12 2
50 18 9
51 5 20
52 28 28
53 10 28
54 13 18
55 7 30
56 30 8
57 23 2
58 18 22
59 16 15
60 8 12
61 7 18
62 30 5
63 4 18
64 14 28
65 21 1
66 6 24
67 27 9
68 24 27
69 6 13
70 21 20
71 5 22
72 28 20
73 5 10
74 15 24
75 29 15
76 16 18
77 23 24
78 7 5
79 18 16
80 26 17
81 8 16
82 8 5
83 1 21
84 18 16
85 6 14
86 7 15
87 22 2
88 19 24
89 30 1
90 28 28
91 8 29
92 16 8
93 7 14
94 30 4
95 5 1
96 20 5
97 7 9
98 7 18
99 5 10
100 15 1
